Min	worker3_S1	worker3_S2	worker3_S3	worker3_S4	worker3_S5	worker3_S6	worker3_S7	worker3_S8	worker3_S9	worker3_S10
0	0.0806	0.0819	0.0807	0.0819	0.0802	0.0819	0.0792	0.0809	0.0796	0.0812
10	0.0807	0.0817	0.0808	0.082	0.0803	0.0816	0.079	0.081	0.0797	0.0816
20	0.0806	0.082	0.0807	0.0822	0.0804	0.0818	0.0791	0.0808	0.0798	0.0816
30	0.0806	0.0819	0.0805	0.0821	0.0805	0.0819	0.0793	0.0808	0.0798	0.0816
40	0.0806	0.082	0.0811	0.0819	0.0807	0.082	0.0792	0.0806	0.08	0.0814
50	0.0805	0.082	0.0814	0.0818	0.0804	0.082	0.0791	0.0805	0.0801	0.0816
60	0.0807	0.082	0.0813	0.0818	0.0803	0.0819	0.0792	0.0802	0.0798	0.0814
70	0.0804	0.0818	0.081	0.0819	0.0802	0.082	0.0793	0.0802	0.08	0.0813
80	0.0805	0.0819	0.0812	0.0817	0.08	0.0815	0.0792	0.0802	0.0799	0.0814
90	0.0805	0.0816	0.0815	0.0816	0.0801	0.0811	0.0793	0.0801	0.0804	0.0811
100	0.0806	0.0821	0.0817	0.0818	0.0803	0.081	0.0795	0.0801	0.0804	0.0811
110	0.0806	0.0819	0.0816	0.0817	0.0805	0.0813	0.0802	0.0803	0.0805	0.0811
120	0.0806	0.0816	0.0821	0.0816	0.0807	0.0811	0.0802	0.0802	0.0806	0.0811
130	0.0806	0.0817	0.0818	0.0816	0.0807	0.0813	0.0802	0.08	0.0806	0.0811
140	0.0804	0.0816	0.0818	0.0813	0.0806	0.0814	0.0803	0.0801	0.0807	0.0809
150	0.0805	0.0816	0.0818	0.0811	0.0803	0.0812	0.0803	0.0801	0.0808	0.081
160	0.0807	0.0817	0.0817	0.0811	0.0809	0.0816	0.0803	0.0802	0.0808	0.0811
170	0.0806	0.0815	0.0814	0.0811	0.0813	0.0815	0.0804	0.0804	0.0809	0.0812
180	0.0807	0.0818	0.0817	0.081	0.0808	0.0813	0.0804	0.0802	0.081	0.0811
190	0.0806	0.0817	0.0819	0.0814	0.0809	0.0813	0.0804	0.0804	0.081	0.0812
200	0.0805	0.0817	0.082	0.0813	0.0807	0.0812	0.0805	0.0803	0.0811	0.0812
210	0.0806	0.0819	0.0819	0.0811	0.0808	0.0817	0.0805	0.0805	0.0812	0.0811
220	0.0807	0.0819	0.082	0.0812	0.0807	0.0816	0.0805	0.0804	0.0812	0.0812
230	0.0808	0.0822	0.082	0.0818	0.0808	0.0817	0.0806	0.0803	0.0813	0.0815
240	0.0807	0.0818	0.0822	0.0816	0.0807	0.0813	0.0806	0.0801	0.0814	0.0815
250	0.0807	0.0819	0.0821	0.0814	0.0807	0.0813	0.0806	0.0803	0.0814	0.082
260	0.0809	0.082	0.0823	0.0812	0.0807	0.0814	0.0807	0.0803	0.0815	0.0819
270	0.0808	0.0818	0.0821	0.0813	0.0806	0.0815	0.0807	0.0801	0.0816	0.0817
280	0.0805	0.0819	0.082	0.0811	0.0805	0.0813	0.0807	0.0802	0.0816	0.0813
290	0.0805	0.0815	0.082	0.0811	0.0805	0.0815	0.0808	0.0802	0.0817	0.0815
300	0.0809	0.0816	0.0821	0.0814	0.0805	0.0812	0.0808	0.0803	0.0818	0.0815
310	0.081	0.0817	0.0823	0.0813	0.0806	0.0813	0.0808	0.0804	0.0818	0.0816
320	0.081	0.0818	0.0822	0.0812	0.0805	0.0814	0.0808	0.0802	0.0819	0.0814
330	0.0812	0.0819	0.0824	0.0813	0.0806	0.0809	0.0809	0.0802	0.082	0.0816
340	0.0808	0.0818	0.0823	0.0814	0.0806	0.0812	0.0809	0.0804	0.082	0.0819
350	0.0808	0.0816	0.0825	0.0816	0.0807	0.081	0.0809	0.0802	0.0821	0.0816
360	0.0811	0.0816	0.083	0.0816	0.0805	0.0812	0.081	0.0803	0.0822	0.0817
370	0.0811	0.0815	0.0831	0.0816	0.0805	0.0813	0.0812	0.0803	0.0822	0.0817
380	0.0812	0.0815	0.083	0.0818	0.0804	0.0813	0.0815	0.0805	0.0823	0.0817
390	0.0812	0.0813	0.0831	0.0816	0.0803	0.0812	0.0816	0.0805	0.0824	0.0819
400	0.0814	0.0816	0.0832	0.0817	0.0805	0.0812	0.0816	0.0806	0.0824	0.082
410	0.0814	0.0815	0.083	0.0819	0.0805	0.0812	0.0816	0.0804	0.0825	0.0822
420	0.0813	0.0818	0.0833	0.082	0.0807	0.0814	0.0816	0.0808	0.0826	0.0822
430	0.0819	0.082	0.0833	0.0818	0.0808	0.0813	0.0816	0.0805	0.0826	0.0823
440	0.0821	0.0815	0.0833	0.0818	0.081	0.0815	0.0816	0.0804	0.0827	0.0825
450	0.0821	0.0819	0.0834	0.0818	0.081	0.0817	0.0816	0.0808	0.0828	0.0823
460	0.0824	0.0821	0.0835	0.0819	0.0808	0.0813	0.0815	0.081	0.0828	0.0824
470	0.0823	0.0823	0.0832	0.0819	0.081	0.0815	0.0814	0.0809	0.0829	0.0824
480	0.0821	0.0823	0.0831	0.0823	0.0808	0.0816	0.0817	0.0809	0.083	0.0823
490	0.0825	0.0821	0.0832	0.0822	0.0809	0.0818	0.0817	0.0809	0.083	0.0825
500	0.0824	0.082	0.0834	0.082	0.0811	0.0815	0.0817	0.0806	0.0831	0.0825
510	0.0826	0.082	0.0836	0.0825	0.0811	0.0815	0.0817	0.0808	0.0832	0.0827
520	0.0829	0.0821	0.0836	0.0824	0.0808	0.0817	0.0819	0.081	0.0832	0.0829
530	0.0831	0.0822	0.0837	0.0823	0.0811	0.0817	0.0817	0.0809	0.0833	0.0828
540	0.0831	0.0822	0.084	0.0823	0.0808	0.0818	0.0816	0.081	0.0834	0.0827
550	0.0836	0.0821	0.0839	0.0825	0.0809	0.082	0.0815	0.081	0.0834	0.0828
560	0.0837	0.0822	0.0839	0.0825	0.0811	0.082	0.0819	0.0811	0.0835	0.0829
570	0.0837	0.0824	0.084	0.0825	0.0811	0.0821	0.0821	0.081	0.0836	0.083
580	0.0838	0.0824	0.084	0.0823	0.0812	0.0822	0.0819	0.0812	0.0836	0.0831
590	0.0839	0.0826	0.0843	0.0825	0.0812	0.0821	0.0822	0.0811	0.0837	0.0832
600	0.084	0.0825	0.0844	0.0823	0.0814	0.0822	0.0824	0.0812	0.0838	0.0833
610	0.0841	0.0828	0.0843	0.0825	0.0813	0.0823	0.0825	0.0812	0.0838	0.0834
620	0.0846	0.0829	0.0846	0.0824	0.0812	0.0825	0.0823	0.0813	0.0839	0.0834
630	0.0842	0.0827	0.0848	0.0826	0.081	0.0825	0.0824	0.0814	0.084	0.0834
640	0.0844	0.0827	0.0847	0.082	0.0813	0.0828	0.0827	0.0813	0.084	0.0837
650	0.0846	0.0828	0.0846	0.082	0.0816	0.0828	0.0827	0.0815	0.0841	0.0838
660	0.085	0.083	0.0848	0.0822	0.0815	0.0829	0.0827	0.0815	0.0842	0.0838
670	0.0852	0.0829	0.085	0.0823	0.0814	0.0827	0.0827	0.0813	0.0842	0.0839
680	0.0857	0.0833	0.0854	0.0826	0.0814	0.0829	0.0829	0.0814	0.0843	0.0838
690	0.0859	0.083	0.0852	0.0827	0.0814	0.0829	0.0827	0.0818	0.0844	0.0838
700	0.0857	0.0831	0.0853	0.0829	0.0815	0.0833	0.0829	0.0817	0.0844	0.0841
710	0.0861	0.083	0.0852	0.0828	0.0817	0.083	0.083	0.0818	0.0845	0.0839
720	0.0864	0.0831	0.0853	0.0828	0.0816	0.0832	0.0828	0.082	0.0846	0.0842
730	0.0866	0.0831	0.0854	0.0829	0.0818	0.083	0.0829	0.0821	0.0846	0.0843
740	0.0869	0.0832	0.0856	0.0831	0.0815	0.0834	0.0829	0.0823	0.0847	0.0842
750	0.0872	0.0832	0.0857	0.0831	0.082	0.0833	0.0832	0.0821	0.0848	0.0841
760	0.0875	0.0835	0.0859	0.0832	0.0824	0.0835	0.0834	0.0821	0.0848	0.0843
770	0.0881	0.0835	0.0861	0.0834	0.0822	0.0833	0.0836	0.0824	0.0849	0.0845
780	0.0885	0.0835	0.0862	0.0835	0.0824	0.0835	0.0836	0.0826	0.085	0.0845
790	0.0888	0.0836	0.0862	0.0836	0.0825	0.0836	0.0835	0.0824	0.085	0.0847
800	0.0891	0.0836	0.0864	0.0836	0.0827	0.0835	0.0837	0.0828	0.0851	0.0846
810	0.0894	0.0837	0.0863	0.0837	0.0827	0.0838	0.0838	0.0826	0.0852	0.0848
820	0.0901	0.0839	0.0865	0.0837	0.0826	0.0839	0.084	0.0826	0.0852	0.0849
830	0.0905	0.0841	0.0868	0.0837	0.0827	0.0841	0.0843	0.0825	0.0853	0.0848
840	0.0911	0.0839	0.0872	0.0843	0.0826	0.0839	0.0844	0.0828	0.0854	0.085
850	0.0914	0.0839	0.0878	0.0843	0.083	0.0841	0.0846	0.0828	0.0854	0.0848
860	0.0919	0.0841	0.0881	0.0843	0.083	0.0844	0.0848	0.083	0.0855	0.0849
870	0.0925	0.0839	0.0884	0.0844	0.0831	0.0845	0.0849	0.0829	0.0856	0.0849
880	0.0931	0.0842	0.0886	0.0844	0.0831	0.0845	0.0851	0.0829	0.0856	0.0851
890	0.0936	0.0843	0.0891	0.0843	0.0835	0.0844	0.0856	0.0829	0.0857	0.0853
900	0.0944	0.0842	0.0895	0.0843	0.0837	0.0847	0.0857	0.0829	0.0858	0.0853
910	0.0952	0.0843	0.0902	0.0845	0.0837	0.0849	0.0861	0.083	0.0858	0.0852
920	0.0958	0.0843	0.0903	0.0844	0.0838	0.0849	0.0866	0.0826	0.0859	0.0852
930	0.0964	0.0848	0.0908	0.0845	0.084	0.085	0.0871	0.083	0.086	0.0856
940	0.0969	0.0848	0.0909	0.0845	0.084	0.085	0.0871	0.0833	0.086	0.0855
950	0.0976	0.0849	0.0917	0.0844	0.0842	0.085	0.0872	0.0833	0.0861	0.0856
960	0.0983	0.0849	0.0919	0.0847	0.0842	0.0851	0.0875	0.0835	0.0862	0.0858
970	0.0992	0.0849	0.0927	0.085	0.0846	0.0852	0.0879	0.0836	0.0862	0.0855
980	0.0997	0.0847	0.0934	0.0849	0.085	0.0855	0.0881	0.0839	0.0863	0.0856
990	0.1005	0.085	0.094	0.0851	0.0851	0.0854	0.0884	0.0842	0.0867	0.0859
1000	0.1016	0.085	0.095	0.0851	0.085	0.0857	0.0882	0.0841	0.087	0.0858
1010	0.1024	0.0852	0.0955	0.0852	0.0853	0.0856	0.0889	0.0842	0.0871	0.0862
1020	0.1036	0.0851	0.096	0.085	0.0857	0.0858	0.0891	0.0841	0.0874	0.0864
1030	0.1046	0.0853	0.0962	0.0851	0.0858	0.0855	0.0895	0.0842	0.0877	0.0865
1040	0.1057	0.0853	0.097	0.0853	0.086	0.0855	0.0899	0.0843	0.0881	0.0865
1050	0.1069	0.0854	0.0977	0.0851	0.0864	0.0859	0.0903	0.0844	0.0884	0.0866
1060	0.1077	0.0853	0.0985	0.0852	0.0869	0.0859	0.0906	0.0844	0.0884	0.087
1070	0.1092	0.0854	0.0992	0.0854	0.0869	0.0862	0.0911	0.0845	0.0886	0.0869
1080	0.1106	0.0856	0.0996	0.0854	0.0872	0.0863	0.0916	0.0845	0.0889	0.0872
1090	0.1116	0.0858	0.1002	0.0855	0.0874	0.0863	0.0921	0.0848	0.0892	0.0875
1100	0.1125	0.086	0.1009	0.0857	0.0875	0.0861	0.0924	0.0851	0.0895	0.0872
1110	0.1138	0.0857	0.1016	0.0858	0.0876	0.0864	0.0929	0.0849	0.09	0.0874
1120	0.1154	0.0857	0.1025	0.086	0.0878	0.0866	0.0933	0.0851	0.0906	0.0878
1130	0.1172	0.0857	0.1034	0.0862	0.0883	0.0867	0.0936	0.0849	0.0906	0.0882
1140	0.1194	0.0857	0.104	0.0862	0.0885	0.0867	0.0943	0.0848	0.0911	0.0887
1150	0.1211	0.0857	0.1049	0.0863	0.089	0.0869	0.0951	0.085	0.0915	0.0891
1160	0.123	0.0859	0.106	0.0864	0.0895	0.0868	0.0958	0.0851	0.092	0.0895
1170	0.1249	0.086	0.1069	0.0866	0.0896	0.0873	0.0963	0.085	0.0924	0.0899
1180	0.1273	0.0862	0.1077	0.0866	0.0906	0.0874	0.097	0.0852	0.0927	0.0903
1190	0.1305	0.0862	0.1089	0.0866	0.0905	0.0875	0.0974	0.0853	0.0932	0.0908
1200	0.1343	0.0863	0.1098	0.0868	0.0908	0.0877	0.0983	0.0851	0.0938	0.0912
1210	0.1392	0.0863	0.1107	0.0868	0.0914	0.0876	0.099	0.0855	0.0941	0.0916
1220	0.1437	0.0864	0.112	0.0871	0.0919	0.0879	0.0997	0.0854	0.0946	0.092
1230	0.1474	0.0867	0.1137	0.0871	0.0923	0.088	0.1006	0.0857	0.0953	0.0924
1240	0.1495	0.0868	0.1147	0.0872	0.0928	0.0882	0.1015	0.0854	0.0961	0.0929
1250	0.1513	0.0868	0.1168	0.0874	0.0933	0.0882	0.1022	0.0857	0.0967	0.0933
1260	0.1537	0.087	0.1186	0.0874	0.0939	0.0883	0.103	0.086	0.0976	0.0937
1270	0.1558	0.087	0.1205	0.0878	0.0946	0.0883	0.104	0.086	0.098	0.0941
1280	0.1582	0.0872	0.1222	0.0877	0.0952	0.0885	0.1046	0.0862	0.0985	0.0946
1290	0.1598	0.0872	0.1235	0.0878	0.0962	0.0886	0.1057	0.0865	0.0996	0.095
1300	0.1618	0.0872	0.1251	0.0883	0.0971	0.0889	0.1066	0.0861	0.1	0.0954
1310	0.1631	0.0874	0.1268	0.0882	0.0978	0.089	0.1074	0.0865	0.1008	0.0958
1320	0.1646	0.0874	0.1286	0.0884	0.0988	0.0893	0.1088	0.0868	0.102	0.0962
1330	0.1666	0.0875	0.1311	0.0883	0.0996	0.0895	0.1099	0.0868	0.1028	0.0967
1340	0.1685	0.0879	0.1341	0.0886	0.1005	0.0896	0.1112	0.0871	0.1036	0.0971
1350	0.1705	0.0885	0.1379	0.0886	0.1017	0.0897	0.1126	0.0869	0.1046	0.0975
1360	0.1725	0.0886	0.1423	0.0886	0.1026	0.0898	0.114	0.0873	0.1059	0.0979
1370	0.1744	0.0889	0.1472	0.089	0.1036	0.0901	0.1154	0.0873	0.1071	0.0983
1380	0.1766	0.0892	0.1509	0.0893	0.1048	0.0905	0.1178	0.0874	0.1077	0.0988
1390	0.1797	0.0893	0.1533	0.0894	0.1061	0.0906	0.1206	0.0876	0.1089	0.0992
1400	0.1823	0.0893	0.1553	0.0895	0.1071	0.0909	0.1243	0.0883	0.1099	0.0996
1410	0.1851	0.0895	0.1574	0.09	0.1085	0.0913	0.1276	0.0884	0.1113	0.1
1420	0.1879	0.0896	0.1599	0.0904	0.1099	0.0918	0.1304	0.0885	0.1129	0.1005
1430	0.1903	0.0899	0.1618	0.0901	0.1113	0.0923	0.1317	0.0888	0.1143	0.1009
1440	0.193	0.09	0.1635	0.0904	0.1131	0.0921	0.1329	0.0893	0.1159	0.1013
1450	0.1955	0.09	0.1653	0.0911	0.1147	0.0926	0.1347	0.0897	0.1175	0.1017
1460	0.1981	0.0902	0.1676	0.0912	0.1168	0.0929	0.1364	0.0902	0.1191	0.1021
1470	0.2006	0.0907	0.1691	0.0915	0.119	0.0931	0.1376	0.0906	0.1219	0.1026
1480	0.2037	0.0908	0.1713	0.0918	0.121	0.0938	0.1391	0.0908	0.1258	0.103
1490	0.2069	0.0908	0.173	0.0922	0.1226	0.094	0.1402	0.091	0.1298	0.1034
1500	0.2094	0.0916	0.1738	0.0926	0.1241	0.094	0.1415	0.0912	0.1336	0.1038
1510	0.2116	0.0917	0.1755	0.0932	0.1266	0.0943	0.1429	0.0916	0.1356	0.1042
1520	0.2153	0.092	0.1777	0.0939	0.1304	0.0945	0.1438	0.0917	0.1372	0.1047
1530	0.2186	0.0925	0.1804	0.0942	0.1347	0.095	0.1452	0.0921	0.1387	0.1051
1540	0.2223	0.0928	0.1826	0.0948	0.1391	0.0954	0.1467	0.0923	0.1402	0.1055
1550	0.2262	0.0935	0.1849	0.0948	0.1418	0.0958	0.1481	0.0922	0.1419	0.1059
1560	0.2311	0.0938	0.1881	0.0952	0.1435	0.0961	0.1499	0.0927	0.1439	0.1064
1570	0.2362	0.0947	0.1907	0.0957	0.1448	0.0965	0.1524	0.093	0.1448	0.1068
1580	0.2395	0.0948	0.1932	0.096	0.1466	0.0967	0.1554	0.093	0.1465	0.1072
1590	0.2439	0.0953	0.1959	0.0964	0.1485	0.097	0.1585	0.0931	0.1481	0.1076
1600	0.2474	0.0952	0.1986	0.0965	0.1498	0.0969	0.1615	0.0933	0.1495	0.108
1610	0.2514	0.0952	0.201	0.0972	0.1514	0.0974	0.1634	0.0938	0.1513	0.1085
1620	0.2544	0.0953	0.2038	0.0973	0.1529	0.098	0.1654	0.094	0.1527	0.1089
1630	0.2589	0.0958	0.2061	0.0975	0.1543	0.0987	0.1671	0.0941	0.1543	0.1093
1640	0.2614	0.0958	0.2081	0.0978	0.1559	0.099	0.1687	0.094	0.1559	0.1097
1650	0.2645	0.0964	0.2103	0.0984	0.1573	0.0993	0.1706	0.0943	0.1575	0.1101
1660	0.2672	0.0968	0.2127	0.0988	0.1586	0.0999	0.1722	0.0947	0.1586	0.1106
1670	0.2696	0.097	0.2157	0.0991	0.16	0.1001	0.1731	0.0946	0.1604	0.111
1680	0.2736	0.097	0.2187	0.0995	0.1612	0.1006	0.1751	0.0948	0.1626	0.1114
1690	0.2761	0.0975	0.2218	0.0998	0.1628	0.1011	0.1764	0.0952	0.165	0.1118
1700	0.2792	0.0976	0.2257	0.1002	0.1642	0.1015	0.1778	0.0954	0.1671	0.1123
1710	0.282	0.098	0.2304	0.1006	0.1656	0.1016	0.1793	0.0959	0.1689	0.1127
1720	0.2856	0.0985	0.2348	0.1004	0.1677	0.1023	0.18	0.0963	0.171	0.1131
1730	0.2881	0.0984	0.2385	0.101	0.1695	0.1029	0.1812	0.0966	0.1731	0.1135
1740	0.2905	0.0991	0.2421	0.1015	0.172	0.1033	0.1822	0.097	0.1759	0.1139
1750	0.2927	0.0993	0.2452	0.1026	0.1745	0.104	0.1837	0.0974	0.1778	0.1144
1760	0.2958	0.0994	0.2491	0.1031	0.1769	0.1047	0.1844	0.0979	0.1798	0.1148
1770	0.2985	0.0998	0.2522	0.1037	0.1801	0.1053	0.1859	0.0981	0.1826	0.1152
1780	0.3018	0.1002	0.2558	0.104	0.1827	0.1055	0.1873	0.0984	0.1849	0.1156
1790	0.3041	0.1002	0.2588	0.1045	0.1851	0.1062	0.1879	0.0988	0.1876	0.116
1800	0.307	0.1007	0.2616	0.1049	0.1878	0.107	0.189	0.0991	0.1895	0.1165
1810	0.3097	0.1011	0.2648	0.1053	0.1907	0.1079	0.1898	0.0995	0.1914	0.1169
1820	0.3141	0.1016	0.2675	0.1062	0.1929	0.1081	0.1909	0.0998	0.193	0.1173
1830	0.3155	0.102	0.2713	0.1064	0.1958	0.1091	0.1921	0.1003	0.1947	0.1177
1840	0.3189	0.1022	0.0	0.1074	0.1989	0.1099	0.193	0.101	0.1968	0.1182
1850	0.3208	0.1026	0.0	0.1082	0.2018	0.1106	0.1936	0.1013	0.1986	0.1186
1860	0.3246	0.1032	0.0	0.1088	0.2049	0.1114	0.1952	0.1019	0.1999	0.119
1870	0.3268	0.1038	0.0	0.1086	0.2083	0.1117	0.1952	0.1021	0.2016	0.1194
1880	0.3291	0.1045	0.0	0.1094	0.2121	0.1123	0.1962	0.1029	0.2037	0.1198
1890	0.3309	0.1048	0.0	0.1102	0.2167	0.113	0.197	0.1036	0.2054	0.1203
1900	0.3341	0.1051	0.0	0.1108	0.2212	0.1139	0.198	0.1038	0.207	0.1207
1910	0.0	0.1059	0.0	0.1117	0.2248	0.1149	0.1981	0.1043	0.209	0.1211
1920	0.0	0.107	0.0	0.1125	0.2283	0.1154	0.1995	0.1049	0.2105	0.1215
1930	0.0	0.108	0.0	0.1132	0.2314	0.1162	0.2007	0.1052	0.212	0.1219
1940	0.0	0.1082	0.0	0.1142	0.2346	0.1172	0.2016	0.1061	0.2139	0.1224
1950	0.0	0.1088	0.0	0.1147	0.2372	0.1181	0.2021	0.1071	0.2154	0.1228
1960	0.0	0.1096	0.0	0.1153	0.2403	0.1191	0.2034	0.1079	0.2179	0.1232
1970	0.0	0.1105	0.0	0.1162	0.2438	0.1198	0.2033	0.1082	0.2193	0.1236
1980	0.0	0.1111	0.0	0.1171	0.2467	0.1207	0.2035	0.1089	0.221	0.1241
1990	0.0	0.1118	0.0	0.118	0.2487	0.1216	0.2043	0.1095	0.2222	0.1245
2000	0.0	0.1123	0.0	0.1191	0.2511	0.1226	0.2053	0.11	0.2237	0.1249
2010	0.0	0.1128	0.0	0.1198	0.2551	0.1232	0.2058	0.1107	0.2252	0.1253
2020	0.0	0.1135	0.0	0.1209	0.258	0.1239	0.2067	0.1113	0.227	0.1257
2030	0.0	0.1146	0.0	0.1217	0.2611	0.1248	0.2072	0.1121	0.2293	0.1262
2040	0.0	0.1152	0.0	0.1223	0.2639	0.1256	0.2079	0.1127	0.2312	0.1266
2050	0.0	0.116	0.0	0.1234	0.267	0.1266	0.209	0.1134	0.232	0.127
2060	0.0	0.1169	0.0	0.1242	0.2698	0.1272	0.2098	0.114	0.2339	0.1274
2070	0.0	0.1175	0.0	0.1251	0.2724	0.128	0.2111	0.1146	0.2361	0.1279
2080	0.0	0.1183	0.0	0.1259	0.2749	0.1288	0.2102	0.1154	0.2376	0.1283
2090	0.0	0.1193	0.0	0.127	0.2769	0.1301	0.212	0.116	0.2397	0.1287
2100	0.0	0.1201	0.0	0.1278	0.2806	0.1307	0.2121	0.1168	0.2416	0.1291
2110	0.0	0.1211	0.0	0.1285	0.2835	0.1315	0.2121	0.1176	0.243	0.1295
2120	0.0	0.1217	0.0	0.1292	0.286	0.1326	0.2121	0.1184	0.2446	0.13
2130	0.0	0.1221	0.0	0.1298	0.2886	0.1338	0.2134	0.1188	0.2454	0.1304
2140	0.0	0.1231	0.0	0.1309	0.2911	0.1346	0.2127	0.1193	0.2483	0.1308
2150	0.0	0.1239	0.0	0.1318	0.2936	0.1353	0.2135	0.1202	0.2496	0.1312
2160	0.0	0.1245	0.0	0.1324	0.2956	0.136	0.2141	0.1209	0.2505	0.1316
2170	0.0	0.1258	0.0	0.1334	0.2982	0.1373	0.2132	0.1216	0.2523	0.1321
2180	0.0	0.1265	0.0	0.1343	0.3	0.1385	0.214	0.1223	0.2534	0.1325
2190	0.0	0.1274	0.0	0.1348	0.3032	0.1391	0.215	0.1234	0.2556	0.1329
2200	0.0	0.1282	0.0	0.136	0.0	0.1406	0.2143	0.1238	0.2563	0.1333
2210	0.0	0.1289	0.0	0.1368	0.0	0.1416	0.2154	0.1249	0.2581	0.1338
2220	0.0	0.13	0.0	0.1377	0.0	0.1424	0.2156	0.1257	0.2591	0.1342
2230	0.0	0.1308	0.0	0.1384	0.0	0.1437	0.2166	0.1264	0.2607	0.1346
2240	0.0	0.1316	0.0	0.1393	0.0	0.1446	0.2162	0.127	0.2621	0.135
2250	0.0	0.1327	0.0	0.1403	0.0	0.1464	0.2172	0.1276	0.263	0.1354
2260	0.0	0.133	0.0	0.1408	0.0	0.1471	0.2172	0.1283	0.2634	0.1359
2270	0.0	0.1346	0.0	0.1416	0.0	0.148	0.2179	0.1294	0.2648	0.1363
2280	0.0	0.1353	0.0	0.1422	0.0	0.1493	0.2176	0.13	0.2654	0.1367
2290	0.0	0.1362	0.0	0.1431	0.0	0.1503	0.2183	0.1305	0.2671	0.1371
2300	0.0	0.1373	0.0	0.1438	0.0	0.1515	0.2184	0.1311	0.2673	0.1375
2310	0.0	0.1385	0.0	0.1445	0.0	0.1526	0.2188	0.1319	0.2685	0.138
2320	0.0	0.1393	0.0	0.1452	0.0	0.1535	0.2193	0.1327	0.2687	0.1384
2330	0.0	0.1404	0.0	0.1462	0.0	0.1554	0.219	0.1331	0.2695	0.1388
2340	0.0	0.1413	0.0	0.1471	0.0	0.1566	0.2191	0.1337	0.2703	0.1392
2350	0.0	0.1427	0.0	0.1474	0.0	0.158	0.2194	0.1342	0.2709	0.1397
2360	0.0	0.144	0.0	0.1485	0.0	0.1586	0.2188	0.1348	0.2718	0.1401
2370	0.0	0.1447	0.0	0.1495	0.0	0.1601	0.2199	0.1352	0.2726	0.1405
2380	0.0	0.1462	0.0	0.1504	0.0	0.1616	0.2199	0.1355	0.2741	0.1409
2390	0.0	0.147	0.0	0.1507	0.0	0.1628	0.2206	0.1359	0.2743	0.1411
2400	0.0	0.1481	0.0	0.1515	0.0	0.1644	0.22	0.1367	0.2751	0.1413
2410	0.0	0.1492	0.0	0.1523	0.0	0.1653	0.221	0.137	0.2756	0.1416
2420	0.0	0.1509	0.0	0.1531	0.0	0.1668	0.2209	0.1372	0.2772	0.1422
2430	0.0	0.1517	0.0	0.1535	0.0	0.1686	0.2209	0.138	0.2773	0.1426
2440	0.0	0.1525	0.0	0.154	0.0	0.17	0.2212	0.1379	0.2788	0.1429
2450	0.0	0.1538	0.0	0.1545	0.0	0.1722	0.221	0.1384	0.2791	0.1433
2460	0.0	0.1547	0.0	0.1552	0.0	0.1731	0.2212	0.1391	0.2799	0.1447
2470	0.0	0.1559	0.0	0.1558	0.0	0.175	0.2218	0.1393	0.2806	0.1448
2480	0.0	0.1571	0.0	0.1563	0.0	0.177	0.2213	0.1394	0.2817	0.1451
2490	0.0	0.1584	0.0	0.1569	0.0	0.1785	0.2211	0.14	0.2819	0.1456
2500	0.0	0.1595	0.0	0.1572	0.0	0.1809	0.2218	0.1408	0.2829	0.146
2510	0.0	0.1613	0.0	0.1575	0.0	0.1822	0.223	0.141	0.2831	0.1469
2520	0.0	0.1628	0.0	0.1587	0.0	0.1842	0.2227	0.1415	0.2841	0.1475
2530	0.0	0.1649	0.0	0.1587	0.0	0.1864	0.2229	0.1424	0.285	0.1472
2540	0.0	0.166	0.0	0.1601	0.0	0.1882	0.2235	0.143	0.2853	0.1482
2550	0.0	0.1678	0.0	0.1606	0.0	0.19	0.2234	0.1433	0.2865	0.148
2560	0.0	0.1691	0.0	0.1607	0.0	0.1912	0.2235	0.144	0.2867	0.1486
2570	0.0	0.1705	0.0	0.1617	0.0	0.1938	0.2234	0.144	0.2879	0.1488
2580	0.0	0.1723	0.0	0.1631	0.0	0.1957	0.2244	0.1448	0.2887	0.1496
2590	0.0	0.1748	0.0	0.1633	0.0	0.1972	0.2241	0.1455	0.2888	0.1502
2600	0.0	0.1756	0.0	0.1642	0.0	0.1991	0.2247	0.1459	0.2906	0.1508
2610	0.0	0.1776	0.0	0.1643	0.0	0.2017	0.2254	0.1466	0.2912	0.1513
2620	0.0	0.1794	0.0	0.1653	0.0	0.2041	0.2253	0.1472	0.0	0.1518
2630	0.0	0.181	0.0	0.1657	0.0	0.2074	0.2264	0.1473	0.0	0.1527
2640	0.0	0.1832	0.0	0.1674	0.0	0.2093	0.2276	0.1481	0.0	0.1519
2650	0.0	0.1847	0.0	0.167	0.0	0.2122	0.2279	0.1489	0.0	0.151
2660	0.0	0.1871	0.0	0.1677	0.0	0.2151	0.2277	0.1493	0.0	0.1501
2670	0.0	0.1885	0.0	0.1688	0.0	0.2181	0.2277	0.15	0.0	0.1539
2680	0.0	0.1905	0.0	0.1688	0.0	0.2211	0.2287	0.1509	0.0	0.1567
2690	0.0	0.1925	0.0	0.1696	0.0	0.2232	0.2289	0.1513	0.0	0.1568
2700	0.0	0.1946	0.0	0.1708	0.0	0.2256	0.23	0.1519	0.0	0.1525
2710	0.0	0.1976	0.0	0.1714	0.0	0.2275	0.2303	0.1524	0.0	0.1547
2720	0.0	0.1995	0.0	0.1719	0.0	0.23	0.2308	0.1526	0.0	0.1563
2730	0.0	0.2027	0.0	0.1722	0.0	0.2316	0.2315	0.1535	0.0	0.1569
2740	0.0	0.2056	0.0	0.1727	0.0	0.2339	0.2328	0.1542	0.0	0.1587
2750	0.0	0.2079	0.0	0.1736	0.0	0.2359	0.2337	0.1539	0.0	0.1596
2760	0.0	0.2113	0.0	0.1736	0.0	0.2379	0.2338	0.1549	0.0	0.1604
2770	0.0	0.2135	0.0	0.1747	0.0	0.2394	0.2349	0.1555	0.0	0.158
2780	0.0	0.216	0.0	0.1752	0.0	0.2412	0.2361	0.1561	0.0	0.1594
2790	0.0	0.2183	0.0	0.1752	0.0	0.2437	0.2358	0.1572	0.0	0.1626
2800	0.0	0.2201	0.0	0.1762	0.0	0.2451	0.2371	0.1574	0.0	0.1593
2810	0.0	0.2229	0.0	0.1761	0.0	0.2468	0.2377	0.1579	0.0	0.1615
2820	0.0	0.2247	0.0	0.1767	0.0	0.2484	0.2377	0.1582	0.0	0.1621
2830	0.0	0.2266	0.0	0.1776	0.0	0.2503	0.2381	0.1584	0.0	0.1619
2840	0.0	0.2287	0.0	0.1774	0.0	0.2515	0.2384	0.159	0.0	0.1647
2850	0.0	0.2308	0.0	0.1778	0.0	0.2525	0.2388	0.1598	0.0	0.1601
2860	0.0	0.2324	0.0	0.1779	0.0	0.2534	0.2392	0.16	0.0	0.162
2870	0.0	0.2341	0.0	0.1788	0.0	0.2568	0.2395	0.1599	0.0	0.1637
2880	0.0	0.2364	0.0	0.1789	0.0	0.2573	0.2423	0.1606	0.0	0.1658
2890	0.0	0.2378	0.0	0.1794	0.0	0.2238	0.2434	0.161	0.0	0.1656
2900	0.0	0.2394	0.0	0.1796	0.0	0.1941	0.2439	0.1611	0.0	0.1604
2910	0.0	0.2411	0.0	0.1804	0.0	0.2021	0.2438	0.1617	0.0	0.1649
2920	0.0	0.2435	0.0	0.181	0.0	0.0	0.2443	0.1618	0.0	0.1622
2930	0.0	0.2442	0.0	0.181	0.0	0.0	0.2445	0.1626	0.0	0.1653
2940	0.0	0.2458	0.0	0.181	0.0	0.0	0.2441	0.1624	0.0	0.1644
2950	0.0	0.2477	0.0	0.182	0.0	0.0	0.2447	0.1627	0.0	0.1661
2960	0.0	0.2491	0.0	0.1819	0.0	0.0	0.244	0.1631	0.0	0.1658
2970	0.0	0.2508	0.0	0.1823	0.0	0.0	0.2448	0.1635	0.0	0.1691
2980	0.0	0.2527	0.0	0.1824	0.0	0.0	0.2443	0.1642	0.0	0.1678
2990	0.0	0.2534	0.0	0.183	0.0	0.0	0.2443	0.1643	0.0	0.1636
3000	0.0	0.2555	0.0	0.183	0.0	0.0	0.2446	0.1645	0.0	0.1666
3010	0.0	0.2566	0.0	0.183	0.0	0.0	0.2441	0.165	0.0	0.1704
3020	0.0	0.2578	0.0	0.184	0.0	0.0	0.2438	0.1647	0.0	0.1671
3030	0.0	0.2592	0.0	0.1835	0.0	0.0	0.2437	0.165	0.0	0.1684
3040	0.0	0.2611	0.0	0.1842	0.0	0.0	0.2444	0.1652	0.0	0.1722
3050	0.0	0.262	0.0	0.1847	0.0	0.0	0.2445	0.1661	0.0	0.1734
3060	0.0	0.2631	0.0	0.1845	0.0	0.0	0.2449	0.1662	0.0	0.1738
3070	0.0	0.2658	0.0	0.1846	0.0	0.0	0.2442	0.1667	0.0	0.176
3080	0.0	0.2665	0.0	0.1854	0.0	0.0	0.2446	0.1673	0.0	0.1708
3090	0.0	0.2685	0.0	0.1853	0.0	0.0	0.2446	0.1673	0.0	0.173
3100	0.0	0.2689	0.0	0.1858	0.0	0.0	0.2446	0.167	0.0	0.1784
3110	0.0	0.27	0.0	0.1856	0.0	0.0	0.2449	0.1679	0.0	0.1765
3120	0.0	0.2719	0.0	0.1857	0.0	0.0	0.2448	0.1674	0.0	0.1762
3130	0.0	0.274	0.0	0.1861	0.0	0.0	0.2452	0.1677	0.0	0.174
3140	0.0	0.275	0.0	0.1869	0.0	0.0	0.2456	0.1675	0.0	0.1757
3150	0.0	0.2765	0.0	0.1874	0.0	0.0	0.2447	0.1684	0.0	0.1808
3160	0.0	0.2781	0.0	0.1865	0.0	0.0	0.2451	0.1686	0.0	0.1788
3170	0.0	0.2784	0.0	0.1869	0.0	0.0	0.2458	0.1687	0.0	0.1784
3180	0.0	0.2799	0.0	0.1877	0.0	0.0	0.2462	0.1691	0.0	0.1783
3190	0.0	0.2816	0.0	0.1876	0.0	0.0	0.2461	0.1687	0.0	0.1812
3200	0.0	0.2839	0.0	0.1877	0.0	0.0	0.2452	0.1692	0.0	0.1844
3210	0.0	0.2842	0.0	0.1875	0.0	0.0	0.2462	0.1693	0.0	0.1823
3220	0.0	0.2873	0.0	0.0	0.0	0.0	0.2458	0.1698	0.0	0.1834
3230	0.0	0.2879	0.0	0.0	0.0	0.0	0.2457	0.1697	0.0	0.1854
3240	0.0	0.2896	0.0	0.0	0.0	0.0	0.2458	0.1699	0.0	0.1805
3250	0.0	0.2921	0.0	0.0	0.0	0.0	0.2457	0.1702	0.0	0.1891
3260	0.0	0.2929	0.0	0.0	0.0	0.0	0.2463	0.1701	0.0	0.1856
3270	0.0	0.2946	0.0	0.0	0.0	0.0	0.2458	0.1705	0.0	0.1871
3280	0.0	0.2955	0.0	0.0	0.0	0.0	0.2467	0.1703	0.0	0.1878
3290	0.0	0.2972	0.0	0.0	0.0	0.0	0.2469	0.1705	0.0	0.1872
3300	0.0	0.2989	0.0	0.0	0.0	0.0	0.2472	0.1707	0.0	0.1881
3310	0.0	0.3007	0.0	0.0	0.0	0.0	0.2471	0.1711	0.0	0.1854
3320	0.0	0.3019	0.0	0.0	0.0	0.0	0.2475	0.1711	0.0	0.1871
3330	0.0	0.3029	0.0	0.0	0.0	0.0	0.2481	0.1718	0.0	0.191
3340	0.0	0.3037	0.0	0.0	0.0	0.0	0.248	0.1719	0.0	0.1916
3350	0.0	0.3045	0.0	0.0	0.0	0.0	0.2478	0.172	0.0	0.187
3360	0.0	0.3059	0.0	0.0	0.0	0.0	0.2479	0.1723	0.0	0.1878
3370	0.0	0.3083	0.0	0.0	0.0	0.0	0.2485	0.1725	0.0	0.1891
3380	0.0	0.309	0.0	0.0	0.0	0.0	0.2485	0.173	0.0	0.1912
3390	0.0	0.3104	0.0	0.0	0.0	0.0	0.2488	0.1726	0.0	0.1925
3400	0.0	0.3114	0.0	0.0	0.0	0.0	0.2485	0.1729	0.0	0.191
3410	0.0	0.3127	0.0	0.0	0.0	0.0	0.249	0.1726	0.0	0.1929
3420	0.0	0.3132	0.0	0.0	0.0	0.0	0.2492	0.1732	0.0	0.1992
3430	0.0	0.3141	0.0	0.0	0.0	0.0	0.2503	0.1731	0.0	0.1974
3440	0.0	0.3162	0.0	0.0	0.0	0.0	0.2501	0.1731	0.0	0.1961
3450	0.0	0.3169	0.0	0.0	0.0	0.0	0.2503	0.1737	0.0	0.1937
3460	0.0	0.3184	0.0	0.0	0.0	0.0	0.2507	0.1729	0.0	0.1914
3470	0.0	0.3194	0.0	0.0	0.0	0.0	0.251	0.1735	0.0	0.1938
3480	0.0	0.3208	0.0	0.0	0.0	0.0	0.2521	0.1735	0.0	0.1936
3490	0.0	0.3215	0.0	0.0	0.0	0.0	0.2514	0.1738	0.0	0.1956
3500	0.0	0.3228	0.0	0.0	0.0	0.0	0.2515	0.1733	0.0	0.1941
3510	0.0	0.3246	0.0	0.0	0.0	0.0	0.2525	0.1744	0.0	0.198
3520	0.0	0.3244	0.0	0.0	0.0	0.0	0.2515	0.1744	0.0	0.1985
3530	0.0	0.3257	0.0	0.0	0.0	0.0	0.2521	0.1738	0.0	0.1968
3540	0.0	0.3269	0.0	0.0	0.0	0.0	0.2523	0.1744	0.0	0.1996
3550	0.0	0.0	0.0	0.0	0.0	0.0	0.2526	0.1748	0.0	0.1981
3560	0.0	0.0	0.0	0.0	0.0	0.0	0.252	0.175	0.0	0.1997
3570	0.0	0.0	0.0	0.0	0.0	0.0	0.2529	0.1746	0.0	0.1992
3580	0.0	0.0	0.0	0.0	0.0	0.0	0.2529	0.1754	0.0	0.1964
3590	0.0	0.0	0.0	0.0	0.0	0.0	0.2524	0.1755	0.0	0.2004
3600	0.0	0.0	0.0	0.0	0.0	0.0	0.2528	0.175	0.0	0.2045
3610	0.0	0.0	0.0	0.0	0.0	0.0	0.2525	0.1761	0.0	0.2037
3620	0.0	0.0	0.0	0.0	0.0	0.0	0.2528	0.1762	0.0	0.2006
3630	0.0	0.0	0.0	0.0	0.0	0.0	0.2529	0.1762	0.0	0.2006
3640	0.0	0.0	0.0	0.0	0.0	0.0	0.2521	0.1762	0.0	0.2053
3650	0.0	0.0	0.0	0.0	0.0	0.0	0.2523	0.1761	0.0	0.2041
3660	0.0	0.0	0.0	0.0	0.0	0.0	0.2521	0.1758	0.0	0.203
3670	0.0	0.0	0.0	0.0	0.0	0.0	0.2524	0.1763	0.0	0.2016
3680	0.0	0.0	0.0	0.0	0.0	0.0	0.2526	0.1762	0.0	0.2053
3690	0.0	0.0	0.0	0.0	0.0	0.0	0.2536	0.176	0.0	0.2045
3700	0.0	0.0	0.0	0.0	0.0	0.0	0.2524	0.1768	0.0	0.2012
3710	0.0	0.0	0.0	0.0	0.0	0.0	0.2528	0.1765	0.0	0.2019
3720	0.0	0.0	0.0	0.0	0.0	0.0	0.2538	0.1768	0.0	0.2043
3730	0.0	0.0	0.0	0.0	0.0	0.0	0.2529	0.177	0.0	0.2037
3740	0.0	0.0	0.0	0.0	0.0	0.0	0.2529	0.1768	0.0	0.2049
3750	0.0	0.0	0.0	0.0	0.0	0.0	0.2533	0.1772	0.0	0.2055
3760	0.0	0.0	0.0	0.0	0.0	0.0	0.2528	0.1769	0.0	0.2038
3770	0.0	0.0	0.0	0.0	0.0	0.0	0.253	0.1771	0.0	0.2057
3780	0.0	0.0	0.0	0.0	0.0	0.0	0.2531	0.1774	0.0	0.2059
3790	0.0	0.0	0.0	0.0	0.0	0.0	0.2534	0.1774	0.0	0.2108
3800	0.0	0.0	0.0	0.0	0.0	0.0	0.2529	0.1772	0.0	0.2083
3810	0.0	0.0	0.0	0.0	0.0	0.0	0.2537	0.1775	0.0	0.2073
3820	0.0	0.0	0.0	0.0	0.0	0.0	0.253	0.1781	0.0	0.2043
3830	0.0	0.0	0.0	0.0	0.0	0.0	0.2539	0.1771	0.0	0.2088
3840	0.0	0.0	0.0	0.0	0.0	0.0	0.2534	0.1774	0.0	0.2088
3850	0.0	0.0	0.0	0.0	0.0	0.0	0.2527	0.1779	0.0	0.2096
3860	0.0	0.0	0.0	0.0	0.0	0.0	0.2537	0.1773	0.0	0.2109
3870	0.0	0.0	0.0	0.0	0.0	0.0	0.2533	0.1776	0.0	0.2055
3880	0.0	0.0	0.0	0.0	0.0	0.0	0.254	0.1777	0.0	0.2111
3890	0.0	0.0	0.0	0.0	0.0	0.0	0.2547	0.1774	0.0	0.2099
3900	0.0	0.0	0.0	0.0	0.0	0.0	0.2558	0.1776	0.0	0.2068
3910	0.0	0.0	0.0	0.0	0.0	0.0	0.2568	0.1778	0.0	0.2076
3920	0.0	0.0	0.0	0.0	0.0	0.0	0.2571	0.1774	0.0	0.2108
3930	0.0	0.0	0.0	0.0	0.0	0.0	0.257	0.1781	0.0	0.2099
3940	0.0	0.0	0.0	0.0	0.0	0.0	0.2566	0.1782	0.0	0.2088
3950	0.0	0.0	0.0	0.0	0.0	0.0	0.257	0.178	0.0	0.2117
3960	0.0	0.0	0.0	0.0	0.0	0.0	0.2569	0.1784	0.0	0.2111
3970	0.0	0.0	0.0	0.0	0.0	0.0	0.2569	0.1779	0.0	0.2082
3980	0.0	0.0	0.0	0.0	0.0	0.0	0.257	0.1785	0.0	0.2106
3990	0.0	0.0	0.0	0.0	0.0	0.0	0.2566	0.1781	0.0	0.2163
4000	0.0	0.0	0.0	0.0	0.0	0.0	0.257	0.1786	0.0	0.212
4010	0.0	0.0	0.0	0.0	0.0	0.0	0.2567	0.1783	0.0	0.2143
4020	0.0	0.0	0.0	0.0	0.0	0.0	0.2571	0.1783	0.0	0.2128
4030	0.0	0.0	0.0	0.0	0.0	0.0	0.2569	0.1788	0.0	0.2139
4040	0.0	0.0	0.0	0.0	0.0	0.0	0.2572	0.1792	0.0	0.2119
4050	0.0	0.0	0.0	0.0	0.0	0.0	0.2568	0.1787	0.0	0.2136
4060	0.0	0.0	0.0	0.0	0.0	0.0	0.2568	0.1786	0.0	0.2114
4070	0.0	0.0	0.0	0.0	0.0	0.0	0.2565	0.1787	0.0	0.2143
4080	0.0	0.0	0.0	0.0	0.0	0.0	0.2564	0.1786	0.0	0.2131
4090	0.0	0.0	0.0	0.0	0.0	0.0	0.2564	0.179	0.0	0.216
4100	0.0	0.0	0.0	0.0	0.0	0.0	0.2565	0.1796	0.0	0.2169
4110	0.0	0.0	0.0	0.0	0.0	0.0	0.2568	0.179	0.0	0.2146
4120	0.0	0.0	0.0	0.0	0.0	0.0	0.2571	0.1785	0.0	0.2158
4130	0.0	0.0	0.0	0.0	0.0	0.0	0.2571	0.1788	0.0	0.218
4140	0.0	0.0	0.0	0.0	0.0	0.0	0.2571	0.1786	0.0	0.2158
4150	0.0	0.0	0.0	0.0	0.0	0.0	0.2574	0.1789	0.0	0.2102
4160	0.0	0.0	0.0	0.0	0.0	0.0	0.2567	0.1794	0.0	0.2209
4170	0.0	0.0	0.0	0.0	0.0	0.0	0.2563	0.1793	0.0	0.2155
4180	0.0	0.0	0.0	0.0	0.0	0.0	0.2577	0.1797	0.0	0.2171
4190	0.0	0.0	0.0	0.0	0.0	0.0	0.2568	0.1794	0.0	0.218
4200	0.0	0.0	0.0	0.0	0.0	0.0	0.2564	0.18	0.0	0.2159
4210	0.0	0.0	0.0	0.0	0.0	0.0	0.0	0.1795	0.0	0.2204
4220	0.0	0.0	0.0	0.0	0.0	0.0	0.0	0.1796	0.0	0.2193
4230	0.0	0.0	0.0	0.0	0.0	0.0	0.0	0.1794	0.0	0.2189
4240	0.0	0.0	0.0	0.0	0.0	0.0	0.0	0.1795	0.0	0.2196
4250	0.0	0.0	0.0	0.0	0.0	0.0	0.0	0.1793	0.0	0.2199
4260	0.0	0.0	0.0	0.0	0.0	0.0	0.0	0.1796	0.0	0.2195
4270	0.0	0.0	0.0	0.0	0.0	0.0	0.0	0.1794	0.0	0.2191
4280	0.0	0.0	0.0	0.0	0.0	0.0	0.0	0.1795	0.0	0.2211
4290	0.0	0.0	0.0	0.0	0.0	0.0	0.0	0.1794	0.0	0.2225
4300	0.0	0.0	0.0	0.0	0.0	0.0	0.0	0.1797	0.0	0.2212
4310	0.0	0.0	0.0	0.0	0.0	0.0	0.0	0.1795	0.0	0.2193
4320	0.0	0.0	0.0	0.0	0.0	0.0	0.0	0.1795	0.0	0.2235
4330	0.0	0.0	0.0	0.0	0.0	0.0	0.0	0.1797	0.0	0.229
4340	0.0	0.0	0.0	0.0	0.0	0.0	0.0	0.1795	0.0	0.22
4350	0.0	0.0	0.0	0.0	0.0	0.0	0.0	0.1797	0.0	0.2223
4360	0.0	0.0	0.0	0.0	0.0	0.0	0.0	0.1796	0.0	0.219
4370	0.0	0.0	0.0	0.0	0.0	0.0	0.0	0.1793	0.0	0.2251
4380	0.0	0.0	0.0	0.0	0.0	0.0	0.0	0.1798	0.0	0.2247
4390	0.0	0.0	0.0	0.0	0.0	0.0	0.0	0.1797	0.0	0.2239
4400	0.0	0.0	0.0	0.0	0.0	0.0	0.0	0.1802	0.0	0.2274
4410	0.0	0.0	0.0	0.0	0.0	0.0	0.0	0.1801	0.0	0.2228
4420	0.0	0.0	0.0	0.0	0.0	0.0	0.0	0.1799	0.0	0.2259
4430	0.0	0.0	0.0	0.0	0.0	0.0	0.0	0.1799	0.0	0.2245
4440	0.0	0.0	0.0	0.0	0.0	0.0	0.0	0.1802	0.0	0.2211
4450	0.0	0.0	0.0	0.0	0.0	0.0	0.0	0.1801	0.0	0.2229
4460	0.0	0.0	0.0	0.0	0.0	0.0	0.0	0.1802	0.0	0.2269
4470	0.0	0.0	0.0	0.0	0.0	0.0	0.0	0.18	0.0	0.2232
4480	0.0	0.0	0.0	0.0	0.0	0.0	0.0	0.1802	0.0	0.2297
4490	0.0	0.0	0.0	0.0	0.0	0.0	0.0	0.18	0.0	0.2236
4500	0.0	0.0	0.0	0.0	0.0	0.0	0.0	0.1799	0.0	0.2271
4510	0.0	0.0	0.0	0.0	0.0	0.0	0.0	0.1798	0.0	0.2274
4520	0.0	0.0	0.0	0.0	0.0	0.0	0.0	0.1801	0.0	0.2242
4530	0.0	0.0	0.0	0.0	0.0	0.0	0.0	0.1797	0.0	0.2265
4540	0.0	0.0	0.0	0.0	0.0	0.0	0.0	0.1801	0.0	0.2248
4550	0.0	0.0	0.0	0.0	0.0	0.0	0.0	0.1799	0.0	0.2229
4560	0.0	0.0	0.0	0.0	0.0	0.0	0.0	0.1803	0.0	0.223
4570	0.0	0.0	0.0	0.0	0.0	0.0	0.0	0.1807	0.0	0.2245
4580	0.0	0.0	0.0	0.0	0.0	0.0	0.0	0.181	0.0	0.2312
4590	0.0	0.0	0.0	0.0	0.0	0.0	0.0	0.1814	0.0	0.2294
4600	0.0	0.0	0.0	0.0	0.0	0.0	0.0	0.1817	0.0	0.2301
4610	0.0	0.0	0.0	0.0	0.0	0.0	0.0	0.1821	0.0	0.2283
4620	0.0	0.0	0.0	0.0	0.0	0.0	0.0	0.1824	0.0	0.23
4630	0.0	0.0	0.0	0.0	0.0	0.0	0.0	0.1828	0.0	0.2333
4640	0.0	0.0	0.0	0.0	0.0	0.0	0.0	0.1831	0.0	0.2282
4650	0.0	0.0	0.0	0.0	0.0	0.0	0.0	0.1835	0.0	0.2297
4660	0.0	0.0	0.0	0.0	0.0	0.0	0.0	0.1839	0.0	0.2279
4670	0.0	0.0	0.0	0.0	0.0	0.0	0.0	0.1842	0.0	0.2294
4680	0.0	0.0	0.0	0.0	0.0	0.0	0.0	0.1846	0.0	0.229
4690	0.0	0.0	0.0	0.0	0.0	0.0	0.0	0.1849	0.0	0.2301
4700	0.0	0.0	0.0	0.0	0.0	0.0	0.0	0.1853	0.0	0.2313
4710	0.0	0.0	0.0	0.0	0.0	0.0	0.0	0.1855	0.0	0.2329
4720	0.0	0.0	0.0	0.0	0.0	0.0	0.0	0.1859	0.0	0.2345
4730	0.0	0.0	0.0	0.0	0.0	0.0	0.0	0.1848	0.0	0.2323
4740	0.0	0.0	0.0	0.0	0.0	0.0	0.0	0.1857	0.0	0.2301
4750	0.0	0.0	0.0	0.0	0.0	0.0	0.0	0.1853	0.0	0.2335
4760	0.0	0.0	0.0	0.0	0.0	0.0	0.0	0.1859	0.0	0.2347
4770	0.0	0.0	0.0	0.0	0.0	0.0	0.0	0.1852	0.0	0.2304
4780	0.0	0.0	0.0	0.0	0.0	0.0	0.0	0.1854	0.0	0.2357
4790	0.0	0.0	0.0	0.0	0.0	0.0	0.0	0.1852	0.0	0.237
4800	0.0	0.0	0.0	0.0	0.0	0.0	0.0	0.1849	0.0	0.2352
4810	0.0	0.0	0.0	0.0	0.0	0.0	0.0	0.1852	0.0	0.2362
4820	0.0	0.0	0.0	0.0	0.0	0.0	0.0	0.186	0.0	0.234
4830	0.0	0.0	0.0	0.0	0.0	0.0	0.0	0.1848	0.0	0.2352
4840	0.0	0.0	0.0	0.0	0.0	0.0	0.0	0.1851	0.0	0.234
4850	0.0	0.0	0.0	0.0	0.0	0.0	0.0	0.185	0.0	0.238
4860	0.0	0.0	0.0	0.0	0.0	0.0	0.0	0.1853	0.0	0.2367
4870	0.0	0.0	0.0	0.0	0.0	0.0	0.0	0.1856	0.0	0.2376
4880	0.0	0.0	0.0	0.0	0.0	0.0	0.0	0.1857	0.0	0.2374
4890	0.0	0.0	0.0	0.0	0.0	0.0	0.0	0.1854	0.0	0.2341
4900	0.0	0.0	0.0	0.0	0.0	0.0	0.0	0.1855	0.0	0.2343
4910	0.0	0.0	0.0	0.0	0.0	0.0	0.0	0.1858	0.0	0.2338
4920	0.0	0.0	0.0	0.0	0.0	0.0	0.0	0.1852	0.0	0.2395
4930	0.0	0.0	0.0	0.0	0.0	0.0	0.0	0.1853	0.0	0.2386
4940	0.0	0.0	0.0	0.0	0.0	0.0	0.0	0.1851	0.0	0.2381
4950	0.0	0.0	0.0	0.0	0.0	0.0	0.0	0.1854	0.0	0.2386
4960	0.0	0.0	0.0	0.0	0.0	0.0	0.0	0.1851	0.0	0.2399
4970	0.0	0.0	0.0	0.0	0.0	0.0	0.0	0.1851	0.0	0.2424
4980	0.0	0.0	0.0	0.0	0.0	0.0	0.0	0.1855	0.0	0.2424
4990	0.0	0.0	0.0	0.0	0.0	0.0	0.0	0.1853	0.0	0.2376
5000	0.0	0.0	0.0	0.0	0.0	0.0	0.0	0.1857	0.0	0.24
5010	0.0	0.0	0.0	0.0	0.0	0.0	0.0	0.1853	0.0	0.24
5020	0.0	0.0	0.0	0.0	0.0	0.0	0.0	0.1855	0.0	0.2373
5030	0.0	0.0	0.0	0.0	0.0	0.0	0.0	0.1859	0.0	0.2406
5040	0.0	0.0	0.0	0.0	0.0	0.0	0.0	0.185	0.0	0.2397
5050	0.0	0.0	0.0	0.0	0.0	0.0	0.0	0.1855	0.0	0.2396
5060	0.0	0.0	0.0	0.0	0.0	0.0	0.0	0.185	0.0	0.2418
5070	0.0	0.0	0.0	0.0	0.0	0.0	0.0	0.1854	0.0	0.2419
5080	0.0	0.0	0.0	0.0	0.0	0.0	0.0	0.1859	0.0	0.2406
5090	0.0	0.0	0.0	0.0	0.0	0.0	0.0	0.1851	0.0	0.2384
5100	0.0	0.0	0.0	0.0	0.0	0.0	0.0	0.1853	0.0	0.2392
5110	0.0	0.0	0.0	0.0	0.0	0.0	0.0	0.1853	0.0	0.2386
5120	0.0	0.0	0.0	0.0	0.0	0.0	0.0	0.1855	0.0	0.2436
5130	0.0	0.0	0.0	0.0	0.0	0.0	0.0	0.1856	0.0	0.2443
5140	0.0	0.0	0.0	0.0	0.0	0.0	0.0	0.186	0.0	0.2413
5150	0.0	0.0	0.0	0.0	0.0	0.0	0.0	0.1851	0.0	0.2448
5160	0.0	0.0	0.0	0.0	0.0	0.0	0.0	0.1853	0.0	0.2412
5170	0.0	0.0	0.0	0.0	0.0	0.0	0.0	0.1855	0.0	0.2386
5180	0.0	0.0	0.0	0.0	0.0	0.0	0.0	0.1855	0.0	0.2452
5190	0.0	0.0	0.0	0.0	0.0	0.0	0.0	0.1856	0.0	0.2434
5200	0.0	0.0	0.0	0.0	0.0	0.0	0.0	0.1851	0.0	0.2461
5210	0.0	0.0	0.0	0.0	0.0	0.0	0.0	0.1856	0.0	0.2465
5220	0.0	0.0	0.0	0.0	0.0	0.0	0.0	0.1853	0.0	0.2456
5230	0.0	0.0	0.0	0.0	0.0	0.0	0.0	0.1857	0.0	0.2445
5240	0.0	0.0	0.0	0.0	0.0	0.0	0.0	0.185	0.0	0.2427
5250	0.0	0.0	0.0	0.0	0.0	0.0	0.0	0.1854	0.0	0.2465
5260	0.0	0.0	0.0	0.0	0.0	0.0	0.0	0.1852	0.0	0.2484
5270	0.0	0.0	0.0	0.0	0.0	0.0	0.0	0.1856	0.0	0.2499
5280	0.0	0.0	0.0	0.0	0.0	0.0	0.0	0.1851	0.0	0.2493
5290	0.0	0.0	0.0	0.0	0.0	0.0	0.0	0.1851	0.0	0.2483
5300	0.0	0.0	0.0	0.0	0.0	0.0	0.0	0.185	0.0	0.2509
5310	0.0	0.0	0.0	0.0	0.0	0.0	0.0	0.1847	0.0	0.2462
5320	0.0	0.0	0.0	0.0	0.0	0.0	0.0	0.185	0.0	0.2519
5330	0.0	0.0	0.0	0.0	0.0	0.0	0.0	0.1851	0.0	0.247
5340	0.0	0.0	0.0	0.0	0.0	0.0	0.0	0.185	0.0	0.2509
5350	0.0	0.0	0.0	0.0	0.0	0.0	0.0	0.1855	0.0	0.249
5360	0.0	0.0	0.0	0.0	0.0	0.0	0.0	0.1851	0.0	0.2475
5370	0.0	0.0	0.0	0.0	0.0	0.0	0.0	0.1854	0.0	0.252
5380	0.0	0.0	0.0	0.0	0.0	0.0	0.0	0.185	0.0	0.0
5390	0.0	0.0	0.0	0.0	0.0	0.0	0.0	0.1849	0.0	0.0
5400	0.0	0.0	0.0	0.0	0.0	0.0	0.0	0.1853	0.0	0.0
5410	0.0	0.0	0.0	0.0	0.0	0.0	0.0	0.1853	0.0	0.0
5420	0.0	0.0	0.0	0.0	0.0	0.0	0.0	0.1854	0.0	0.0
5430	0.0	0.0	0.0	0.0	0.0	0.0	0.0	0.1852	0.0	0.0
5440	0.0	0.0	0.0	0.0	0.0	0.0	0.0	0.1856	0.0	0.0
5450	0.0	0.0	0.0	0.0	0.0	0.0	0.0	0.1853	0.0	0.0
5460	0.0	0.0	0.0	0.0	0.0	0.0	0.0	0.1851	0.0	0.0
5470	0.0	0.0	0.0	0.0	0.0	0.0	0.0	0.1852	0.0	0.0
5480	0.0	0.0	0.0	0.0	0.0	0.0	0.0	0.1848	0.0	0.0
5490	0.0	0.0	0.0	0.0	0.0	0.0	0.0	0.1856	0.0	0.0
5500	0.0	0.0	0.0	0.0	0.0	0.0	0.0	0.1849	0.0	0.0
5510	0.0	0.0	0.0	0.0	0.0	0.0	0.0	0.1849	0.0	0.0
5520	0.0	0.0	0.0	0.0	0.0	0.0	0.0	0.1854	0.0	0.0
5530	0.0	0.0	0.0	0.0	0.0	0.0	0.0	0.1852	0.0	0.0
5540	0.0	0.0	0.0	0.0	0.0	0.0	0.0	0.1851	0.0	0.0
5550	0.0	0.0	0.0	0.0	0.0	0.0	0.0	0.1849	0.0	0.0
5560	0.0	0.0	0.0	0.0	0.0	0.0	0.0	0.185	0.0	0.0
5570	0.0	0.0	0.0	0.0	0.0	0.0	0.0	0.1845	0.0	0.0
5580	0.0	0.0	0.0	0.0	0.0	0.0	0.0	0.1851	0.0	0.0
5590	0.0	0.0	0.0	0.0	0.0	0.0	0.0	0.1847	0.0	0.0
5600	0.0	0.0	0.0	0.0	0.0	0.0	0.0	0.1851	0.0	0.0
5610	0.0	0.0	0.0	0.0	0.0	0.0	0.0	0.1845	0.0	0.0
5620	0.0	0.0	0.0	0.0	0.0	0.0	0.0	0.1852	0.0	0.0
5630	0.0	0.0	0.0	0.0	0.0	0.0	0.0	0.1844	0.0	0.0
5640	0.0	0.0	0.0	0.0	0.0	0.0	0.0	0.1848	0.0	0.0
5650	0.0	0.0	0.0	0.0	0.0	0.0	0.0	0.1847	0.0	0.0
5660	0.0	0.0	0.0	0.0	0.0	0.0	0.0	0.1856	0.0	0.0
5670	0.0	0.0	0.0	0.0	0.0	0.0	0.0	0.1852	0.0	0.0
5680	0.0	0.0	0.0	0.0	0.0	0.0	0.0	0.1853	0.0	0.0
5690	0.0	0.0	0.0	0.0	0.0	0.0	0.0	0.1849	0.0	0.0
5700	0.0	0.0	0.0	0.0	0.0	0.0	0.0	0.1849	0.0	0.0
5710	0.0	0.0	0.0	0.0	0.0	0.0	0.0	0.1848	0.0	0.0
5720	0.0	0.0	0.0	0.0	0.0	0.0	0.0	0.1851	0.0	0.0
5730	0.0	0.0	0.0	0.0	0.0	0.0	0.0	0.1853	0.0	0.0
5740	0.0	0.0	0.0	0.0	0.0	0.0	0.0	0.1851	0.0	0.0
5750	0.0	0.0	0.0	0.0	0.0	0.0	0.0	0.1851	0.0	0.0
5760	0.0	0.0	0.0	0.0	0.0	0.0	0.0	0.1852	0.0	0.0
5770	0.0	0.0	0.0	0.0	0.0	0.0	0.0	0.1852	0.0	0.0
5780	0.0	0.0	0.0	0.0	0.0	0.0	0.0	0.1858	0.0	0.0
5790	0.0	0.0	0.0	0.0	0.0	0.0	0.0	0.1853	0.0	0.0
5800	0.0	0.0	0.0	0.0	0.0	0.0	0.0	0.1859	0.0	0.0
5810	0.0	0.0	0.0	0.0	0.0	0.0	0.0	0.1857	0.0	0.0
5820	0.0	0.0	0.0	0.0	0.0	0.0	0.0	0.1853	0.0	0.0
5830	0.0	0.0	0.0	0.0	0.0	0.0	0.0	0.1859	0.0	0.0
5840	0.0	0.0	0.0	0.0	0.0	0.0	0.0	0.1853	0.0	0.0
5850	0.0	0.0	0.0	0.0	0.0	0.0	0.0	0.1855	0.0	0.0
5860	0.0	0.0	0.0	0.0	0.0	0.0	0.0	0.1854	0.0	0.0
5870	0.0	0.0	0.0	0.0	0.0	0.0	0.0	0.1855	0.0	0.0
5880	0.0	0.0	0.0	0.0	0.0	0.0	0.0	0.1851	0.0	0.0
5890	0.0	0.0	0.0	0.0	0.0	0.0	0.0	0.1853	0.0	0.0
5900	0.0	0.0	0.0	0.0	0.0	0.0	0.0	0.1849	0.0	0.0
5910	0.0	0.0	0.0	0.0	0.0	0.0	0.0	0.1848	0.0	0.0
5920	0.0	0.0	0.0	0.0	0.0	0.0	0.0	0.1859	0.0	0.0
5930	0.0	0.0	0.0	0.0	0.0	0.0	0.0	0.1855	0.0	0.0
5940	0.0	0.0	0.0	0.0	0.0	0.0	0.0	0.1857	0.0	0.0
5950	0.0	0.0	0.0	0.0	0.0	0.0	0.0	0.1855	0.0	0.0
5960	0.0	0.0	0.0	0.0	0.0	0.0	0.0	0.1855	0.0	0.0
5970	0.0	0.0	0.0	0.0	0.0	0.0	0.0	0.1856	0.0	0.0
5980	0.0	0.0	0.0	0.0	0.0	0.0	0.0	0.1852	0.0	0.0
5990	0.0	0.0	0.0	0.0	0.0	0.0	0.0	0.1856	0.0	0.0
6000	0.0	0.0	0.0	0.0	0.0	0.0	0.0	0.1858	0.0	0.0
6010	0.0	0.0	0.0	0.0	0.0	0.0	0.0	0.1857	0.0	0.0
6020	0.0	0.0	0.0	0.0	0.0	0.0	0.0	0.1863	0.0	0.0
6030	0.0	0.0	0.0	0.0	0.0	0.0	0.0	0.1863	0.0	0.0
6040	0.0	0.0	0.0	0.0	0.0	0.0	0.0	0.1856	0.0	0.0
6050	0.0	0.0	0.0	0.0	0.0	0.0	0.0	0.1857	0.0	0.0
6060	0.0	0.0	0.0	0.0	0.0	0.0	0.0	0.1857	0.0	0.0
6070	0.0	0.0	0.0	0.0	0.0	0.0	0.0	0.1858	0.0	0.0
6080	0.0	0.0	0.0	0.0	0.0	0.0	0.0	0.186	0.0	0.0
6090	0.0	0.0	0.0	0.0	0.0	0.0	0.0	0.1855	0.0	0.0
6100	0.0	0.0	0.0	0.0	0.0	0.0	0.0	0.1857	0.0	0.0
6110	0.0	0.0	0.0	0.0	0.0	0.0	0.0	0.186	0.0	0.0
6120	0.0	0.0	0.0	0.0	0.0	0.0	0.0	0.1855	0.0	0.0
6130	0.0	0.0	0.0	0.0	0.0	0.0	0.0	0.1859	0.0	0.0
6140	0.0	0.0	0.0	0.0	0.0	0.0	0.0	0.1855	0.0	0.0
6150	0.0	0.0	0.0	0.0	0.0	0.0	0.0	0.1857	0.0	0.0
6160	0.0	0.0	0.0	0.0	0.0	0.0	0.0	0.1857	0.0	0.0
6170	0.0	0.0	0.0	0.0	0.0	0.0	0.0	0.1861	0.0	0.0
6180	0.0	0.0	0.0	0.0	0.0	0.0	0.0	0.186	0.0	0.0
6190	0.0	0.0	0.0	0.0	0.0	0.0	0.0	0.1861	0.0	0.0
6200	0.0	0.0	0.0	0.0	0.0	0.0	0.0	0.1855	0.0	0.0
6210	0.0	0.0	0.0	0.0	0.0	0.0	0.0	0.186	0.0	0.0
6220	0.0	0.0	0.0	0.0	0.0	0.0	0.0	0.1858	0.0	0.0
6230	0.0	0.0	0.0	0.0	0.0	0.0	0.0	0.1858	0.0	0.0
6240	0.0	0.0	0.0	0.0	0.0	0.0	0.0	0.1859	0.0	0.0
6250	0.0	0.0	0.0	0.0	0.0	0.0	0.0	0.1856	0.0	0.0
6260	0.0	0.0	0.0	0.0	0.0	0.0	0.0	0.1857	0.0	0.0
6270	0.0	0.0	0.0	0.0	0.0	0.0	0.0	0.1858	0.0	0.0
6280	0.0	0.0	0.0	0.0	0.0	0.0	0.0	0.1852	0.0	0.0
6290	0.0	0.0	0.0	0.0	0.0	0.0	0.0	0.1859	0.0	0.0
6300	0.0	0.0	0.0	0.0	0.0	0.0	0.0	0.1853	0.0	0.0
6310	0.0	0.0	0.0	0.0	0.0	0.0	0.0	0.1855	0.0	0.0
6320	0.0	0.0	0.0	0.0	0.0	0.0	0.0	0.1855	0.0	0.0
6330	0.0	0.0	0.0	0.0	0.0	0.0	0.0	0.1856	0.0	0.0
6340	0.0	0.0	0.0	0.0	0.0	0.0	0.0	0.1857	0.0	0.0
6350	0.0	0.0	0.0	0.0	0.0	0.0	0.0	0.1863	0.0	0.0
6360	0.0	0.0	0.0	0.0	0.0	0.0	0.0	0.186	0.0	0.0
6370	0.0	0.0	0.0	0.0	0.0	0.0	0.0	0.1854	0.0	0.0
6380	0.0	0.0	0.0	0.0	0.0	0.0	0.0	0.1853	0.0	0.0
6390	0.0	0.0	0.0	0.0	0.0	0.0	0.0	0.1856	0.0	0.0
6400	0.0	0.0	0.0	0.0	0.0	0.0	0.0	0.1858	0.0	0.0
6410	0.0	0.0	0.0	0.0	0.0	0.0	0.0	0.1857	0.0	0.0
6420	0.0	0.0	0.0	0.0	0.0	0.0	0.0	0.1851	0.0	0.0
6430	0.0	0.0	0.0	0.0	0.0	0.0	0.0	0.1853	0.0	0.0
6440	0.0	0.0	0.0	0.0	0.0	0.0	0.0	0.1853	0.0	0.0
6450	0.0	0.0	0.0	0.0	0.0	0.0	0.0	0.185	0.0	0.0
6460	0.0	0.0	0.0	0.0	0.0	0.0	0.0	0.186	0.0	0.0
6470	0.0	0.0	0.0	0.0	0.0	0.0	0.0	0.1858	0.0	0.0
6480	0.0	0.0	0.0	0.0	0.0	0.0	0.0	0.1858	0.0	0.0
6490	0.0	0.0	0.0	0.0	0.0	0.0	0.0	0.186	0.0	0.0
6500	0.0	0.0	0.0	0.0	0.0	0.0	0.0	0.1857	0.0	0.0
6510	0.0	0.0	0.0	0.0	0.0	0.0	0.0	0.186	0.0	0.0
6520	0.0	0.0	0.0	0.0	0.0	0.0	0.0	0.1862	0.0	0.0
6530	0.0	0.0	0.0	0.0	0.0	0.0	0.0	0.1859	0.0	0.0
6540	0.0	0.0	0.0	0.0	0.0	0.0	0.0	0.1857	0.0	0.0
6550	0.0	0.0	0.0	0.0	0.0	0.0	0.0	0.1857	0.0	0.0
6560	0.0	0.0	0.0	0.0	0.0	0.0	0.0	0.1859	0.0	0.0
6570	0.0	0.0	0.0	0.0	0.0	0.0	0.0	0.1859	0.0	0.0
6580	0.0	0.0	0.0	0.0	0.0	0.0	0.0	0.1859	0.0	0.0
6590	0.0	0.0	0.0	0.0	0.0	0.0	0.0	0.1858	0.0	0.0
6600	0.0	0.0	0.0	0.0	0.0	0.0	0.0	0.1858	0.0	0.0
6610	0.0	0.0	0.0	0.0	0.0	0.0	0.0	0.1865	0.0	0.0
6620	0.0	0.0	0.0	0.0	0.0	0.0	0.0	0.1866	0.0	0.0
6630	0.0	0.0	0.0	0.0	0.0	0.0	0.0	0.1865	0.0	0.0
6640	0.0	0.0	0.0	0.0	0.0	0.0	0.0	0.1863	0.0	0.0
6650	0.0	0.0	0.0	0.0	0.0	0.0	0.0	0.186	0.0	0.0
6660	0.0	0.0	0.0	0.0	0.0	0.0	0.0	0.1863	0.0	0.0
6670	0.0	0.0	0.0	0.0	0.0	0.0	0.0	0.1862	0.0	0.0
6680	0.0	0.0	0.0	0.0	0.0	0.0	0.0	0.1861	0.0	0.0
6690	0.0	0.0	0.0	0.0	0.0	0.0	0.0	0.1862	0.0	0.0
6700	0.0	0.0	0.0	0.0	0.0	0.0	0.0	0.1869	0.0	0.0
6710	0.0	0.0	0.0	0.0	0.0	0.0	0.0	0.1864	0.0	0.0
6720	0.0	0.0	0.0	0.0	0.0	0.0	0.0	0.1861	0.0	0.0
6730	0.0	0.0	0.0	0.0	0.0	0.0	0.0	0.1864	0.0	0.0
6740	0.0	0.0	0.0	0.0	0.0	0.0	0.0	0.1864	0.0	0.0
6750	0.0	0.0	0.0	0.0	0.0	0.0	0.0	0.1862	0.0	0.0
6760	0.0	0.0	0.0	0.0	0.0	0.0	0.0	0.1861	0.0	0.0
6770	0.0	0.0	0.0	0.0	0.0	0.0	0.0	0.1867	0.0	0.0
6780	0.0	0.0	0.0	0.0	0.0	0.0	0.0	0.1864	0.0	0.0
6790	0.0	0.0	0.0	0.0	0.0	0.0	0.0	0.1864	0.0	0.0
6800	0.0	0.0	0.0	0.0	0.0	0.0	0.0	0.1866	0.0	0.0
6810	0.0	0.0	0.0	0.0	0.0	0.0	0.0	0.1862	0.0	0.0
6820	0.0	0.0	0.0	0.0	0.0	0.0	0.0	0.186	0.0	0.0
6830	0.0	0.0	0.0	0.0	0.0	0.0	0.0	0.186	0.0	0.0
6840	0.0	0.0	0.0	0.0	0.0	0.0	0.0	0.186	0.0	0.0
6850	0.0	0.0	0.0	0.0	0.0	0.0	0.0	0.1863	0.0	0.0
6860	0.0	0.0	0.0	0.0	0.0	0.0	0.0	0.1861	0.0	0.0
6870	0.0	0.0	0.0	0.0	0.0	0.0	0.0	0.1859	0.0	0.0
6880	0.0	0.0	0.0	0.0	0.0	0.0	0.0	0.1864	0.0	0.0
6890	0.0	0.0	0.0	0.0	0.0	0.0	0.0	0.1866	0.0	0.0
6900	0.0	0.0	0.0	0.0	0.0	0.0	0.0	0.1862	0.0	0.0
6910	0.0	0.0	0.0	0.0	0.0	0.0	0.0	0.1859	0.0	0.0
6920	0.0	0.0	0.0	0.0	0.0	0.0	0.0	0.1861	0.0	0.0
6930	0.0	0.0	0.0	0.0	0.0	0.0	0.0	0.1856	0.0	0.0
6940	0.0	0.0	0.0	0.0	0.0	0.0	0.0	0.1861	0.0	0.0
6950	0.0	0.0	0.0	0.0	0.0	0.0	0.0	0.1857	0.0	0.0
6960	0.0	0.0	0.0	0.0	0.0	0.0	0.0	0.1858	0.0	0.0
6970	0.0	0.0	0.0	0.0	0.0	0.0	0.0	0.1859	0.0	0.0
6980	0.0	0.0	0.0	0.0	0.0	0.0	0.0	0.1859	0.0	0.0
6990	0.0	0.0	0.0	0.0	0.0	0.0	0.0	0.1856	0.0	0.0
7000	0.0	0.0	0.0	0.0	0.0	0.0	0.0	0.1859	0.0	0.0
7010	0.0	0.0	0.0	0.0	0.0	0.0	0.0	0.1859	0.0	0.0
7020	0.0	0.0	0.0	0.0	0.0	0.0	0.0	0.1854	0.0	0.0
7030	0.0	0.0	0.0	0.0	0.0	0.0	0.0	0.1858	0.0	0.0
7040	0.0	0.0	0.0	0.0	0.0	0.0	0.0	0.1857	0.0	0.0
7050	0.0	0.0	0.0	0.0	0.0	0.0	0.0	0.1857	0.0	0.0
7060	0.0	0.0	0.0	0.0	0.0	0.0	0.0	0.1855	0.0	0.0
7070	0.0	0.0	0.0	0.0	0.0	0.0	0.0	0.1853	0.0	0.0
7080	0.0	0.0	0.0	0.0	0.0	0.0	0.0	0.1857	0.0	0.0
7090	0.0	0.0	0.0	0.0	0.0	0.0	0.0	0.1855	0.0	0.0
7100	0.0	0.0	0.0	0.0	0.0	0.0	0.0	0.1849	0.0	0.0
7110	0.0	0.0	0.0	0.0	0.0	0.0	0.0	0.1854	0.0	0.0
7120	0.0	0.0	0.0	0.0	0.0	0.0	0.0	0.1847	0.0	0.0
7130	0.0	0.0	0.0	0.0	0.0	0.0	0.0	0.1853	0.0	0.0
7140	0.0	0.0	0.0	0.0	0.0	0.0	0.0	0.1848	0.0	0.0
7150	0.0	0.0	0.0	0.0	0.0	0.0	0.0	0.1851	0.0	0.0
7160	0.0	0.0	0.0	0.0	0.0	0.0	0.0	0.1845	0.0	0.0
7170	0.0	0.0	0.0	0.0	0.0	0.0	0.0	0.1854	0.0	0.0
7180	0.0	0.0	0.0	0.0	0.0	0.0	0.0	0.1855	0.0	0.0
7190	0.0	0.0	0.0	0.0	0.0	0.0	0.0	0.185	0.0	0.0
7200	0.0	0.0	0.0	0.0	0.0	0.0	0.0	0.1854	0.0	0.0
7210	0.0	0.0	0.0	0.0	0.0	0.0	0.0	0.1853	0.0	0.0
7220	0.0	0.0	0.0	0.0	0.0	0.0	0.0	0.1847	0.0	0.0
7230	0.0	0.0	0.0	0.0	0.0	0.0	0.0	0.1848	0.0	0.0
7240	0.0	0.0	0.0	0.0	0.0	0.0	0.0	0.1848	0.0	0.0
7250	0.0	0.0	0.0	0.0	0.0	0.0	0.0	0.1853	0.0	0.0
7260	0.0	0.0	0.0	0.0	0.0	0.0	0.0	0.1843	0.0	0.0
7270	0.0	0.0	0.0	0.0	0.0	0.0	0.0	0.1843	0.0	0.0
7280	0.0	0.0	0.0	0.0	0.0	0.0	0.0	0.1844	0.0	0.0
7290	0.0	0.0	0.0	0.0	0.0	0.0	0.0	0.1845	0.0	0.0
7300	0.0	0.0	0.0	0.0	0.0	0.0	0.0	0.1846	0.0	0.0
7310	0.0	0.0	0.0	0.0	0.0	0.0	0.0	0.1847	0.0	0.0
7320	0.0	0.0	0.0	0.0	0.0	0.0	0.0	0.1847	0.0	0.0
7330	0.0	0.0	0.0	0.0	0.0	0.0	0.0	0.1849	0.0	0.0
7340	0.0	0.0	0.0	0.0	0.0	0.0	0.0	0.1851	0.0	0.0
7350	0.0	0.0	0.0	0.0	0.0	0.0	0.0	0.1848	0.0	0.0
7360	0.0	0.0	0.0	0.0	0.0	0.0	0.0	0.1853	0.0	0.0
7370	0.0	0.0	0.0	0.0	0.0	0.0	0.0	0.1846	0.0	0.0
7380	0.0	0.0	0.0	0.0	0.0	0.0	0.0	0.1843	0.0	0.0
7390	0.0	0.0	0.0	0.0	0.0	0.0	0.0	0.1843	0.0	0.0
7400	0.0	0.0	0.0	0.0	0.0	0.0	0.0	0.1842	0.0	0.0
7410	0.0	0.0	0.0	0.0	0.0	0.0	0.0	0.1846	0.0	0.0
7420	0.0	0.0	0.0	0.0	0.0	0.0	0.0	0.1845	0.0	0.0
7430	0.0	0.0	0.0	0.0	0.0	0.0	0.0	0.1841	0.0	0.0
7440	0.0	0.0	0.0	0.0	0.0	0.0	0.0	0.1845	0.0	0.0
7450	0.0	0.0	0.0	0.0	0.0	0.0	0.0	0.1848	0.0	0.0
7460	0.0	0.0	0.0	0.0	0.0	0.0	0.0	0.1855	0.0	0.0
7470	0.0	0.0	0.0	0.0	0.0	0.0	0.0	0.1848	0.0	0.0
7480	0.0	0.0	0.0	0.0	0.0	0.0	0.0	0.1851	0.0	0.0
7490	0.0	0.0	0.0	0.0	0.0	0.0	0.0	0.1846	0.0	0.0
7500	0.0	0.0	0.0	0.0	0.0	0.0	0.0	0.1849	0.0	0.0
7510	0.0	0.0	0.0	0.0	0.0	0.0	0.0	0.1851	0.0	0.0
7520	0.0	0.0	0.0	0.0	0.0	0.0	0.0	0.1855	0.0	0.0
7530	0.0	0.0	0.0	0.0	0.0	0.0	0.0	0.1842	0.0	0.0
7540	0.0	0.0	0.0	0.0	0.0	0.0	0.0	0.1843	0.0	0.0
7550	0.0	0.0	0.0	0.0	0.0	0.0	0.0	0.1847	0.0	0.0
7560	0.0	0.0	0.0	0.0	0.0	0.0	0.0	0.1846	0.0	0.0
7570	0.0	0.0	0.0	0.0	0.0	0.0	0.0	0.1843	0.0	0.0
7580	0.0	0.0	0.0	0.0	0.0	0.0	0.0	0.1846	0.0	0.0
7590	0.0	0.0	0.0	0.0	0.0	0.0	0.0	0.1837	0.0	0.0
7600	0.0	0.0	0.0	0.0	0.0	0.0	0.0	0.1846	0.0	0.0
7610	0.0	0.0	0.0	0.0	0.0	0.0	0.0	0.1843	0.0	0.0
7620	0.0	0.0	0.0	0.0	0.0	0.0	0.0	0.1844	0.0	0.0
7630	0.0	0.0	0.0	0.0	0.0	0.0	0.0	0.1849	0.0	0.0
7640	0.0	0.0	0.0	0.0	0.0	0.0	0.0	0.1848	0.0	0.0
7650	0.0	0.0	0.0	0.0	0.0	0.0	0.0	0.1846	0.0	0.0
7660	0.0	0.0	0.0	0.0	0.0	0.0	0.0	0.1844	0.0	0.0
7670	0.0	0.0	0.0	0.0	0.0	0.0	0.0	0.1843	0.0	0.0
7680	0.0	0.0	0.0	0.0	0.0	0.0	0.0	0.1845	0.0	0.0
7690	0.0	0.0	0.0	0.0	0.0	0.0	0.0	0.1849	0.0	0.0
7700	0.0	0.0	0.0	0.0	0.0	0.0	0.0	0.1844	0.0	0.0
7710	0.0	0.0	0.0	0.0	0.0	0.0	0.0	0.1847	0.0	0.0
7720	0.0	0.0	0.0	0.0	0.0	0.0	0.0	0.1845	0.0	0.0
7730	0.0	0.0	0.0	0.0	0.0	0.0	0.0	0.1845	0.0	0.0
7740	0.0	0.0	0.0	0.0	0.0	0.0	0.0	0.1848	0.0	0.0
7750	0.0	0.0	0.0	0.0	0.0	0.0	0.0	0.1844	0.0	0.0
7760	0.0	0.0	0.0	0.0	0.0	0.0	0.0	0.1848	0.0	0.0
7770	0.0	0.0	0.0	0.0	0.0	0.0	0.0	0.1841	0.0	0.0
7780	0.0	0.0	0.0	0.0	0.0	0.0	0.0	0.1842	0.0	0.0
7790	0.0	0.0	0.0	0.0	0.0	0.0	0.0	0.1841	0.0	0.0
7800	0.0	0.0	0.0	0.0	0.0	0.0	0.0	0.1843	0.0	0.0
